17 1 0
20 1 0
28 1 0
30 1 0
47 1 0
51 1 0
63 1 0
78 1 0
18 2 0
27 2 0
56 2 0
84 2 0
85 2 0
87 2 0
31 3 0
45 5 0
50 5 0
36 6 0
89 7 0
0 8 0
51 8 0
54 8 0
57 8 0
70 8 0
72 8 0
74 8 0
77 8 0
5 9 0
45 9 0
46 9 0
50 9 0
95 9 0
12 10 0
59 10 0
64 10 0
71 10 0
76 12 0
73 13 0
6 14 0
44 14 0
67 14 0
103 14 0
107 14 0
4 15 0
34 15 0
13 20 0
17 20 0
3 21 0
29 21 0
31 21 0
38 21 0
52 21 0
58 21 0
60 21 0
79 21 0
121 21 0
4 22 0
26 22 0
73 22 0
92 22 0
115 22 0
21 24 0
29 24 0
31 24 0
58 24 0
96 24 0
51 28 0
38 29 0
52 29 0
79 29 0
20 30 0
32 30 0
97 30 0
110 30 0
19 33 0
22 34 0
23 34 0
73 34 0
15 35 0
73 35 0
37 38 0
60 38 0
17 39 0
109 39 0
24 42 0
52 42 0
5 46 0
25 46 0
45 46 0
50 46 0
95 48 0
42 49 0
96 49 0
25 50 0
45 50 0
48 50 0
95 50 0
47 51 0
12 54 0
22 54 0
23 54 0
62 54 0
63 54 0
68 54 0
69 54 0
99 54 0
108 54 0
115 54 0
121 54 0
122 54 0
58 60 0
10 61 0
48 61 0
59 61 0
64 61 0
71 61 0
76 61 0
112 61 0
118 61 0
99 62 0
115 62 0
78 63 0
65 64 0
112 64 0
5 65 0
7 65 0
9 65 0
25 65 0
45 65 0
46 65 0
50 65 0
6 66 0
14 66 0
6 67 0
66 67 0
83 67 0
10 69 0
12 69 0
61 69 0
71 69 0
123 69 0
0 70 0
77 70 0
12 71 0
48 71 0
59 71 0
64 71 0
76 71 0
95 71 0
4 73 0
23 73 0
1 74 0
17 74 0
28 74 0
30 74 0
47 74 0
51 74 0
59 76 0
13 78 0
73 78 0
0 81 0
1 81 0
8 81 0
32 81 0
39 81 0
41 81 0
72 81 0
74 81 0
77 81 0
91 81 0
100 81 0
101 81 0
105 81 0
110 81 0
82 83 0
18 84 0
27 84 0
56 84 0
85 84 0
88 84 0
18 85 0
27 85 0
87 85 0
56 87 0
2 88 0
56 88 0
85 88 0
87 88 0
44 89 0
93 89 0
2 90 0
18 90 0
27 90 0
56 90 0
84 90 0
85 90 0
87 90 0
88 90 0
1 91 0
8 91 0
28 91 0
40 91 0
41 91 0
47 91 0
51 91 0
53 91 0
55 91 0
86 91 0
94 91 0
113 91 0
119 91 0
75 93 0
11 94 0
16 94 0
53 94 0
55 94 0
80 94 0
87 94 0
52 96 0
20 98 0
39 98 0
86 98 0
101 98 0
105 98 0
106 98 0
113 98 0
22 99 0
23 99 0
39 100 0
86 100 0
98 100 0
101 100 0
105 100 0
109 100 0
113 100 0
1 101 0
30 101 0
32 101 0
39 101 0
41 101 0
70 101 0
86 101 0
105 101 0
106 101 0
110 101 0
113 101 0
1 102 0
8 102 0
17 102 0
20 102 0
28 102 0
39 102 0
47 102 0
53 102 0
54 102 0
55 102 0
72 102 0
74 102 0
81 102 0
86 102 0
91 102 0
94 102 0
98 102 0
100 102 0
101 102 0
105 102 0
106 102 0
109 102 0
113 102 0
119 102 0
7 103 0
48 103 0
89 103 0
93 103 0
95 103 0
97 109 0
98 109 0
101 109 0
106 109 0
41 110 0
15 111 0
72 111 0
91 111 0
104 111 0
9 112 0
10 112 0
12 112 0
25 112 0
33 112 0
50 112 0
59 112 0
62 112 0
65 112 0
71 112 0
76 112 0
108 112 0
116 112 0
118 112 0
122 112 0
13 113 0
20 113 0
26 113 0
92 113 0
33 114 0
43 116 0
118 116 0
11 117 0
15 117 0
16 117 0
40 117 0
53 117 0
55 117 0
94 117 0
119 117 0
11 119 0
16 119 0
40 119 0
80 119 0
94 119 0
22 122 0
23 122 0
62 122 0
78 122 0
108 122 0
120 122 0
0 123 0
8 123 0
10 123 0
57 123 0
61 123 0
66 123 0
70 123 0
77 123 0
106 123 0
112 123 0
