2.490000009536743 0.2800000011920929 3.0 0.5759493708610535 0.14666666090488434 -1.0 75.0 6.253333568572998 0.0 2.1066665649414062 3.0 34.0 0.2800000011920929 12.0 0.11999999731779099 67.0 5.0 0.0 469.0 7526.0 11.0 6.0 2.0 2.6533334255218506 1.2133333683013916 2.0 -1.0 0.1733333319425583
0.009999999776482582 0.23529411852359772 5.0 0.45502644777297974 0.14705882966518402 6.230000019073486 34.0 28.382352828979492 0.0 5.558823585510254 5.0 2.9100000858306885 0.20588235557079315 20.0 0.3235294222831726 31.0 1.0 0.0 965.0 15401.0 15.0 9.0 2.0 3.2941176891326904 2.529411792755127 4.0 -1.0 0.0882352963089943
6.320000171661377 0.08163265138864517 5.0 0.37025317549705505 0.22448979318141937 23.139999389648438 49.0 47.32653045654297 0.0 6.448979377746582 4.0 20.3799991607666 0.10204081982374191 38.0 0.4897959232330322 40.0 1.0 0.0 2319.0 4296.0 33.0 27.0 2.0 3.8979592323303223 2.3877551555633545 5.0 1.0 0.10204081982374191
3.880000114440918 0.10869564861059189 2.0 0.5613275766372681 0.2246376872062683 9.989999771118164 138.0 7.130434989929199 0.0 5.0217390060424805 2.0 7.900000095367432 0.043478261679410934 46.0 0.5724637508392334 116.0 3.0 0.0 984.0 2241.0 18.0 40.0 2.0 4.231884002685547 2.818840503692627 3.0 -1.0 0.050724636763334274
22.450000762939453 0.12037037312984467 5.0 0.4901685416698456 0.25925925374031067 -1.0 108.0 20.925926208496094 0.0 6.592592716217041 5.0 49.959999084472656 0.02777777798473835 73.0 0.5185185074806213 98.0 5.0 0.0 2260.0 2878.0 22.0 65.0 2.0 4.166666507720947 3.2314815521240234 5.0 5.0 0.07407407462596893
7.079999923706055 0.1428571492433548 3.0 0.5245901346206665 0.2857142984867096 11.729999542236328 21.0 91.28571319580078 0.0 2.904761791229248 5.0 5.920000076293945 0.1428571492433548 8.0 0.4285714328289032 20.0 5.0 0.0 1917.0 7215.0 20.0 5.0 2.0 3.857142925262451 1.523809552192688 1.0 5.0 0.0
7.099999904632568 0.0882352963089943 5.0 0.5362318754196167 0.14705882966518402 10.989999771118164 34.0 57.55882263183594 0.0 2.029411792755127 1.0 5.949999809265137 0.14705882966518402 10.0 0.44117647409439087 24.0 1.0 0.0 1957.0 9387.0 19.0 7.0 2.0 3.558823585510254 1.0882352590560913 2.0 5.0 0.1764705926179886
3.940000057220459 0.1463414579629898 5.0 0.6242774724960327 0.19512194395065308 8.289999961853027 41.0 54.780487060546875 0.0 4.219511985778809 5.0 5.670000076293945 0.12195122241973877 22.0 0.46341463923454285 38.0 3.0 0.0 2246.0 7537.0 28.0 22.0 2.0 3.804877996444702 2.6341464519500732 3.0 5.0 0.0731707289814949
0.75 0.10055866092443466 3.0 0.5272108912467957 0.3016759753227234 6.78000020980835 179.0 8.346368789672852 0.0 3.2849161624908447 3.0 3.799999952316284 0.16759777069091797 24.0 0.3854748606681824 162.0 1.0 0.0 1494.0 2338.0 26.0 17.0 2.0 3.692737340927124 1.7318435907363892 1.0 -1.0 0.044692736119031906
21.719999313354492 0.1599999964237213 5.0 0.4195804297924042 0.20000000298023224 -1.0 50.0 43.70000076293945 0.0 2.859999895095825 4.0 85.98999786376953 0.019999999552965164 13.0 0.5799999833106995 37.0 1.0 0.0 2185.0 14370.0 20.0 7.0 2.0 4.28000020980835 1.2000000476837158 5.0 5.0 0.03999999910593033
45.529998779296875 0.043478261679410934 5.0 0.8362832069396973 0.08695652335882187 -1.0 23.0 28.869565963745117 0.0 9.82608699798584 5.0 96.01000213623047 0.0 67.0 0.8695651888847351 23.0 4.0 0.0 664.0 15732.0 6.0 62.0 2.0 4.82608699798584 8.217391014099121 4.0 -1.0 0.0
4.480000019073486 0.15522387623786926 3.0 0.441031277179718 0.25671643018722534 10.489999771118164 335.0 4.256716251373291 0.0 5.44179105758667 5.0 9.479999542236328 0.13432836532592773 61.0 0.3194029927253723 312.0 4.0 0.0 1426.0 2377.0 25.0 31.0 2.0 3.492537260055542 2.4000000953674316 5.0 4.0 0.13432836532592773
5.840000152587891 0.15727002918720245 3.0 0.4407244920730591 0.25816023349761963 19.760000228881836 337.0 4.353115558624268 0.0 5.406527996063232 3.0 19.760000228881836 0.13353115320205688 61.0 0.31750741600990295 314.0 4.0 0.0 1467.0 12834.0 26.0 31.0 2.0 3.492581605911255 2.382789373397827 5.0 4.0 0.13353115320205688
1.7400000095367432 0.13846154510974884 5.0 0.5263158082962036 0.16923077404499054 8.989999771118164 65.0 32.523075103759766 0.0 3.799999952316284 5.0 2.7300000190734863 0.20000000298023224 27.0 0.38461539149284363 57.0 4.0 0.0 2114.0 9318.0 20.0 16.0 2.0 3.430769205093384 2.0 4.0 5.0 0.10769230872392654
4.679999828338623 0.23529411852359772 5.0 0.557894766330719 0.23529411852359772 11.729999542236328 17.0 69.29412078857422 0.0 5.588235378265381 5.0 5.460000038146973 0.11764705926179886 15.0 0.11764705926179886 17.0 2.0 0.0 1178.0 17203.0 13.0 8.0 2.0 2.941176414489746 3.117647171020508 4.0 -1.0 0.29411765933036804
3.190000057220459 0.11682242900133133 5.0 0.6107178926467896 0.2429906576871872 38.95000076293945 214.0 8.658878326416016 0.0 4.621495246887207 5.0 16.0 0.1962616890668869 48.0 0.3598130941390991 200.0 1.0 0.0 1853.0 20423.0 21.0 40.0 2.0 3.4859812259674072 2.822429895401001 1.0 4.0 0.08411215245723724
8.239999771118164 0.1666666716337204 3.0 0.5128205418586731 0.25 -1.0 12.0 170.5 0.0 9.75 3.0 11.109999656677246 0.25 23.0 0.3333333432674408 12.0 1.0 2.0 2046.0 24971.0 26.0 16.0 2.0 3.4166667461395264 5.0 4.0 -1.0 0.0
5.800000190734863 0.0625 5.0 0.5269058346748352 0.265625 -1.0 64.0 36.296875 0.0 6.96875 2.0 19.489999771118164 0.265625 23.0 0.296875 56.0 4.0 0.0 2323.0 7402.0 19.0 17.0 2.0 3.21875 3.671875 4.0 5.0 0.109375
4.949999809265137 0.06329113990068436 4.0 0.47598254680633545 0.2278480976819992 11.729999542236328 79.0 29.468355178833008 0.0 2.8987340927124023 4.0 6.039999961853027 0.08860759437084198 19.0 0.6202531456947327 64.0 1.0 0.0 2328.0 2846.0 28.0 18.0 2.0 4.291139125823975 1.3797467947006226 4.0 5.0 0.0
3.559999942779541 0.08695652335882187 3.0 0.3777777850627899 0.1304347813129425 8.800000190734863 23.0 64.86956787109375 0.0 1.95652174949646 3.0 6.019999980926514 0.47826087474823 5.0 0.260869562625885 17.0 1.0 0.0 1492.0 26796.0 39.0 2.0 2.0 2.6521739959716797 0.739130437374115 1.0 1.0 0.043478261679410934
4.0 0.0 2.0 0.9230769276618958 0.20000000298023224 -1.0 5.0 156.1999969482422 0.0 2.5999999046325684 2.0 9.979999542236328 0.20000000298023224 9.0 0.20000000298023224 5.0 1.0 0.0 781.0 35904.0 26.0 8.0 2.0 2.799999952316284 2.4000000953674316 1.0 -1.0 0.4000000059604645
14.350000381469727 0.1366906464099884 2.0 0.6385255455970764 0.2158273309469223 -1.0 139.0 12.705036163330078 0.0 6.050359725952148 3.0 68.9800033569336 0.2374100685119629 72.0 0.1942446082830429 123.0 5.0 0.0 1766.0 2431.0 24.0 63.0 2.0 2.9136691093444824 3.863309383392334 4.0 -1.0 0.2158273309469223
17.649999618530273 0.07878787815570831 5.0 0.5682792663574219 0.16363635659217834 -1.0 165.0 14.31515121459961 0.0 9.89696979522705 5.0 56.9900016784668 0.06060606241226196 145.0 0.678787887096405 142.0 1.0 0.0 2362.0 10670.0 17.0 137.0 2.0 4.3818182945251465 5.624242305755615 1.0 5.0 0.0181818176060915
7.980000019073486 0.10810811072587967 5.0 0.6529680490493774 0.1621621549129486 -1.0 74.0 21.810810089111328 0.0 2.9594595432281494 5.0 24.940000534057617 0.20270270109176636 13.0 0.37837839126586914 63.0 4.0 0.0 1614.0 12177.0 19.0 9.0 2.0 3.3648648262023926 1.9324324131011963 4.0 1.0 0.14864864945411682
8.479999542236328 0.1034482792019844 3.0 0.6702127456665039 0.2068965584039688 44.9900016784668 29.0 33.13793182373047 0.0 3.2413792610168457 3.0 25.0 0.17241379618644714 9.0 0.2068965584039688 28.0 2.0 0.0 961.0 11084.0 12.0 7.0 2.0 2.965517282485962 2.1724138259887695 4.0 -1.0 0.3103448152542114
6.989999771118164 0.08888889104127884 5.0 0.692556619644165 0.17777778208255768 -1.0 45.0 43.28888702392578 0.0 6.866666793823242 5.0 29.979999542236328 0.06666667014360428 54.0 0.5333333611488342 43.0 5.0 0.0 1948.0 2854.0 14.0 37.0 2.0 3.9777777194976807 4.755555629730225 5.0 -1.0 0.13333334028720856
4.050000190734863 0.10204081982374191 5.0 0.47863247990608215 0.16326530277729034 -1.0 49.0 33.81632614135742 0.0 2.3877551555633545 5.0 28.5 0.18367347121238708 15.0 0.4285714328289032 41.0 1.0 0.0 1657.0 22498.0 23.0 7.0 2.0 3.5306122303009033 1.1428571939468384 1.0 4.0 0.12244898080825806
2.25 0.380952388048172 4.0 0.5779221057891846 0.3333333432674408 32.9900016784668 21.0 71.33333587646484 0.0 7.333333492279053 4.0 14.890000343322754 0.1428571492433548 18.0 0.0476190485060215 20.0 1.0 0.0 1498.0 18789.0 20.0 11.0 2.0 3.047619104385376 4.238095283508301 4.0 -1.0 0.095238097012043
1.5800000429153442 0.0 4.0 0.4285714328289032 0.3076923191547394 13.989999771118164 26.0 84.0 0.0 4.038461685180664 4.0 11.989999771118164 0.19230769574642181 8.0 0.3076923191547394 15.0 5.0 0.0 2184.0 38985.0 29.0 6.0 2.0 3.346153736114502 1.7307692766189575 5.0 5.0 0.19230769574642181
0.5400000214576721 0.10869564861059189 4.0 0.5668073296546936 0.2246376872062683 9.989999771118164 138.0 7.268115997314453 0.0 5.15217399597168 4.0 3.0 0.043478261679410934 46.0 0.5724637508392334 117.0 3.0 0.0 1003.0 30950.0 24.0 40.0 2.0 4.231884002685547 2.9202897548675537 3.0 -1.0 0.050724636763334274
10.869999885559082 0.125 4.0 0.5776699185371399 0.3541666567325592 16.989999771118164 48.0 42.10416793823242 0.0 4.291666507720947 4.0 13.020000457763672 0.0625 23.0 0.3541666567325592 46.0 3.0 0.0 2021.0 6221.0 16.0 15.0 2.0 3.8333332538604736 2.4791667461395264 3.0 4.0 0.1041666641831398
10.0 0.06060606241226196 5.0 0.47373637557029724 0.17575757205486298 -1.0 165.0 14.133333206176758 0.0 6.115151405334473 5.0 24.75 0.036363635212183 74.0 0.7030302882194519 141.0 2.0 0.0 2332.0 467.0 11.0 39.0 2.0 4.484848499298096 2.896969795227051 5.0 5.0 0.024242423474788666
9.420000076293945 0.02380952425301075 5.0 0.4181213676929474 0.06122449040412903 -1.0 294.0 8.557823181152344 0.0 4.091836929321289 5.0 59.369998931884766 0.027210883796215057 62.0 0.8707482814788818 259.0 1.0 0.0 2516.0 41051.0 23.0 38.0 2.0 4.731292724609375 1.7108843326568604 5.0 5.0 0.017006803303956985
5.179999828338623 0.12903225421905518 4.0 0.626334547996521 0.2795698940753937 -1.0 93.0 12.913978576660156 0.0 3.021505355834961 4.0 25.6200008392334 0.10752688348293304 11.0 0.3870967626571655 82.0 1.0 0.0 1201.0 4794.0 12.0 11.0 2.0 3.7419354915618896 1.8924731016159058 5.0 4.0 0.09677419066429138
47.9900016784668 0.1666666716337204 5.0 0.5764706134796143 0.25 -1.0 12.0 170.5 0.0 7.083333492279053 3.0 100.0 0.0833333358168602 23.0 0.5 12.0 1.0 1.0 2046.0 4748.0 28.0 16.0 2.0 4.083333492279053 4.083333492279053 4.0 -1.0 0.0
6.659999847412109 0.05620608851313591 5.0 0.46339499950408936 0.14519906044006348 44.95000076293945 427.0 2.7330210208892822 0.0 5.822013854980469 5.0 30.0 0.08430913090705872 140.0 0.6814988255500793 398.0 5.0 0.0 1167.0 1964.0 24.0 130.0 2.0 4.30679178237915 2.697892189025879 5.0 5.0 0.032786883413791656
9.449999809265137 0.0602409653365612 5.0 0.41134020686149597 0.12530121207237244 37.9900016784668 415.0 5.604819297790527 0.0 2.3373494148254395 5.0 25.489999771118164 0.03855421766638756 49.0 0.7373493909835815 243.0 2.0 0.0 2326.0 3755.0 29.0 25.0 2.0 4.484337329864502 0.9614458084106445 5.0 5.0 0.03855421766638756
2.049999952316284 0.0714285746216774 1.0 0.6343283653259277 0.1428571492433548 20.190000534057617 42.0 20.309524536132812 0.0 3.190476179122925 2.0 17.469999313354492 0.523809552192688 25.0 0.0714285746216774 38.0 1.0 0.0 853.0 8475.0 8.0 14.0 2.0 2.047619104385376 2.0238094329833984 1.0 -1.0 0.190476194024086
2.740000009536743 0.0 4.0 0.39024388790130615 0.25 -1.0 4.0 188.25 0.0 10.25 4.0 26.959999084472656 0.0 30.0 0.75 4.0 5.0 0.0 753.0 15323.0 10.0 7.0 2.0 4.75 4.0 5.0 -1.0 0.0
9.1899995803833 0.0602409653365612 5.0 0.41273099184036255 0.12530121207237244 -1.0 415.0 5.604819297790527 0.0 2.3469879627227783 5.0 29.950000762939453 0.03855421766638756 49.0 0.7373493909835815 243.0 2.0 0.0 2326.0 30566.0 28.0 27.0 2.0 4.484337329864502 0.9686747193336487 5.0 5.0 0.03855421766638756
4.369999885559082 0.10638298094272614 5.0 0.5254237055778503 0.1702127605676651 28.639999389648438 47.0 52.63829803466797 0.0 3.7659573554992676 5.0 15.989999771118164 0.06382978707551956 14.0 0.6382978558540344 43.0 1.0 0.0 2474.0 7220.0 22.0 8.0 2.0 4.297872543334961 1.978723406791687 5.0 5.0 0.021276595070958138
3.759999990463257 0.09375 3.0 0.36781609058380127 0.09375 11.989999771118164 32.0 72.84375 0.0 2.71875 3.0 5.989999771118164 0.25 8.0 0.3125 24.0 1.0 0.0 2331.0 16664.0 34.0 3.0 1.0 2.96875 1.0 4.0 1.0 0.25
2.390000104904175 0.13513512909412384 3.0 0.469072163105011 0.29729729890823364 -1.0 37.0 23.29729652404785 0.0 5.243243217468262 3.0 21.979999542236328 0.0810810774564743 33.0 0.2702702581882477 34.0 1.0 0.0 862.0 7883.0 10.0 17.0 2.0 3.4594595432281494 2.4594595432281494 3.0 2.0 0.21621622145175934
14.5 0.10000000149011612 4.0 0.6153846383094788 0.25 62.95000076293945 20.0 90.19999694824219 0.0 6.5 5.0 38.77000045776367 0.15000000596046448 43.0 0.5 20.0 4.0 0.0 1804.0 1167.0 23.0 39.0 2.0 3.950000047683716 4.0 4.0 -1.0 0.0
16.649999618530273 0.1492537260055542 5.0 0.4122287929058075 0.18656715750694275 34.91999816894531 134.0 17.5 0.0 3.7835819721221924 5.0 34.91999816894531 0.1492537260055542 34.0 0.46268656849861145 113.0 1.0 0.0 2345.0 14329.0 32.0 15.0 2.0 3.7611939907073975 1.5597014427185059 5.0 5.0 0.05223880708217621
4.690000057220459 0.1428571492433548 5.0 0.675000011920929 0.4285714328289032 64.88999938964844 7.0 137.14285278320312 0.0 5.714285850524902 5.0 58.970001220703125 0.1428571492433548 15.0 0.1428571492433548 7.0 2.0 0.0 960.0 24413.0 8.0 10.0 2.0 3.2857143878936768 3.857142925262451 2.0 -1.0 0.1428571492433548
32.0 0.0 4.0 0.5161290168762207 0.800000011920929 -1.0 5.0 195.60000610351562 0.0 6.199999809265137 4.0 59.95000076293945 0.0 13.0 0.20000000298023224 5.0 4.0 0.0 978.0 25542.0 15.0 9.0 2.0 4.199999809265137 3.200000047683716 4.0 -1.0 0.0
28.3700008392334 0.11926605552434921 5.0 0.48703956604003906 0.2568807303905487 -1.0 109.0 20.733945846557617 0.0 6.724770545959473 5.0 75.9800033569336 0.027522936463356018 76.0 0.5229358077049255 98.0 5.0 0.0 2260.0 2457.0 25.0 68.0 2.0 4.174312114715576 3.2752294540405273 5.0 5.0 0.07339449226856232
17.959999084472656 0.18139535188674927 5.0 0.5604395866394043 0.14883720874786377 59.9900016784668 215.0 11.241860389709473 0.0 2.116279125213623 5.0 52.97999954223633 0.10697674751281738 21.0 0.5023255944252014 116.0 1.0 0.0 2417.0 25531.0 22.0 17.0 2.0 3.8790698051452637 1.1860464811325073 5.0 5.0 0.060465116053819656
3.619999885559082 0.07692307978868484 5.0 0.52173912525177 0.1538461595773697 14.989999771118164 26.0 61.96154022216797 0.0 8.84615421295166 5.0 8.75 0.07692307978868484 50.0 0.6153846383094788 24.0 1.0 0.0 1611.0 11907.0 12.0 31.0 2.0 4.153846263885498 4.615384578704834 5.0 -1.0 0.07692307978868484
29.56999969482422 0.0625 5.0 0.7893850207328796 0.07500000298023224 -1.0 160.0 14.425000190734863 0.0 7.418749809265137 5.0 48.97999954223633 0.01875000074505806 409.0 0.8187500238418579 135.0 5.0 0.0 2308.0 49.0 28.0 395.0 2.0 4.650000095367432 5.856249809265137 5.0 5.0 0.02500000037252903
7.769999980926514 0.05645161122083664 5.0 0.5354658961296082 0.1895161271095276 -1.0 248.0 6.556451797485352 0.0 2.899193525314331 5.0 31.450000762939453 0.032258063554763794 58.0 0.6975806355476379 234.0 1.0 0.0 1626.0 981.0 20.0 13.0 2.0 4.495967864990234 1.5524193048477173 1.0 -1.0 0.024193547666072845
11.529999732971191 0.05882352963089943 5.0 0.5361781120300293 0.10294117778539658 59.95000076293945 68.0 35.22058868408203 0.0 7.926470756530762 5.0 40.0 0.05882352963089943 66.0 0.75 58.0 2.0 0.0 2395.0 904.0 20.0 57.0 2.0 4.455882549285889 4.25 2.0 4.0 0.029411764815449715
13.6899995803833 0.1111111119389534 3.0 0.590839684009552 0.1111111119389534 62.95000076293945 117.0 18.03418731689453 0.0 5.59829044342041 3.0 27.989999771118164 0.08547008782625198 38.0 0.6666666865348816 104.0 5.0 0.0 2110.0 2248.0 28.0 33.0 2.0 4.247863292694092 3.307692289352417 5.0 5.0 0.025641025975346565
29.65999984741211 0.014285714365541935 5.0 0.6202144026756287 0.10000000149011612 69.94999694824219 70.0 33.5 0.0 9.328571319580078 5.0 55.97999954223633 0.02857142873108387 151.0 0.8285714387893677 64.0 1.0 0.0 2345.0 334.0 32.0 93.0 2.0 4.671428680419922 5.785714149475098 5.0 5.0 0.02857142873108387
0.41999998688697815 0.1428571492433548 5.0 0.6111111044883728 0.4285714328289032 4.710000038146973 7.0 52.57143020629883 1.0 2.5714285373687744 5.0 1.9900000095367432 0.2857142984867096 6.0 0.1428571492433548 6.0 1.0 1.0 368.0 21293.0 15.0 3.0 2.0 3.142857074737549 1.5714285373687744 1.0 -1.0 0.0
0.009999999776482582 0.07999999821186066 1.0 0.40740740299224854 0.20000000298023224 8.489999771118164 25.0 36.400001525878906 0.0 4.320000171661377 1.0 2.490000009536743 0.36000001430511475 24.0 0.23999999463558197 23.0 1.0 1.0 910.0 6146.0 12.0 9.0 2.0 2.8399999141693115 1.7599999904632568 1.0 -1.0 0.11999999731779099
6.119999885559082 0.05263157933950424 5.0 0.514018714427948 0.3684210479259491 12.989999771118164 38.0 51.21052551269531 0.0 2.8157894611358643 5.0 7.150000095367432 0.0 15.0 0.5 35.0 2.0 0.0 1946.0 19114.0 17.0 7.0 2.0 4.289473533630371 1.4473683834075928 4.0 5.0 0.07894736528396606
10.989999771118164 0.02298850566148758 5.0 0.6556776762008667 0.04597701132297516 22.690000534057617 87.0 27.287355422973633 0.0 3.1379311084747314 1.0 19.969999313354492 0.02298850566148758 28.0 0.8965517282485962 72.0 5.0 0.0 2374.0 754.0 29.0 27.0 2.0 4.781609058380127 2.05747127532959 5.0 5.0 0.01149425283074379
3.3499999046325684 0.3333333432674408 5.0 0.6129032373428345 0.1111111119389534 12.489999771118164 9.0 140.3333282470703 0.0 3.444444417953491 3.0 4.849999904632568 0.1111111119389534 7.0 0.3333333432674408 8.0 5.0 0.0 1263.0 17106.0 22.0 6.0 2.0 3.444444417953491 2.1111111640930176 1.0 -1.0 0.1111111119389534
3.990000009536743 0.11627907305955887 5.0 0.6087388396263123 0.24186046421527863 11.649999618530273 215.0 8.61860466003418 0.0 4.68372106552124 5.0 8.930000305175781 0.1953488439321518 49.0 0.36279070377349854 203.0 1.0 0.0 1853.0 5752.0 20.0 40.0 2.0 3.493023157119751 2.8511626720428467 1.0 4.0 0.08372092992067337
7.880000114440918 0.025423727929592133 5.0 0.4336448609828949 0.08192090690135956 22.459999084472656 354.0 6.401129722595215 0.0 4.53389835357666 5.0 17.979999542236328 0.04237288236618042 85.0 0.8276836276054382 306.0 5.0 0.0 2266.0 439.0 28.0 70.0 2.0 4.629943370819092 1.9661016464233398 5.0 5.0 0.02259887009859085
0.3700000047683716 0.20000000298023224 4.0 0.9090909361839294 0.4000000059604645 -1.0 5.0 175.39999389648438 0.0 4.400000095367432 4.0 3.4700000286102295 0.20000000298023224 16.0 0.20000000298023224 5.0 1.0 0.0 877.0 29222.0 13.0 14.0 2.0 3.4000000953674316 4.0 1.0 -1.0 0.0
9.850000381469727 0.022727273404598236 5.0 0.5623268485069275 0.1931818127632141 34.97999954223633 88.0 23.522727966308594 0.0 4.1022725105285645 5.0 27.729999542236328 0.09090909361839294 23.0 0.6704545617103577 86.0 1.0 0.0 2070.0 2304.0 26.0 17.0 2.0 4.329545497894287 2.3068182468414307 1.0 5.0 0.022727273404598236
2.5899999141693115 0.5 3.0 0.9200000166893005 0.0 -1.0 2.0 45.5 9.0 12.5 3.0 11.109999656677246 0.0 14.0 0.5 2.0 5.0 11.0 91.0 24957.0 13.0 14.0 2.0 4.0 11.5 5.0 -1.0 0.0
3.430000066757202 0.20930232107639313 5.0 0.6197183132171631 0.06976744532585144 -1.0 43.0 33.27906799316406 0.0 4.953488349914551 5.0 45.9900016784668 0.3488371968269348 17.0 0.27906978130340576 39.0 5.0 0.0 1431.0 19920.0 13.0 12.0 2.0 2.8372092247009277 3.069767475128174 3.0 -1.0 0.09302325546741486
4.5 0.07594936341047287 1.0 0.5934959053993225 0.18987341225147247 -1.0 79.0 29.43037986755371 0.0 4.670886039733887 1.0 20.0 0.06329113990068436 19.0 0.6455696225166321 74.0 4.0 0.0 2325.0 394.0 31.0 16.0 2.0 4.329113960266113 2.7721519470214844 4.0 5.0 0.025316456332802773
10.5600004196167 0.03896103799343109 5.0 0.5531603693962097 0.1428571492433548 -1.0 770.0 1.850649356842041 0.0 3.5545454025268555 5.0 18.0 0.012987012974917889 77.0 0.7883116602897644 710.0 5.0 0.0 1425.0 182.0 28.0 66.0 2.0 4.676623344421387 1.966233730316162 5.0 5.0 0.016883116215467453
4.849999904632568 0.10958904027938843 4.0 0.4761904776096344 0.2602739632129669 10.989999771118164 73.0 31.78082275390625 0.0 1.1506849527359009 4.0 6.090000152587891 0.054794520139694214 9.0 0.5205479264259338 43.0 1.0 0.0 2320.0 10496.0 31.0 4.0 2.0 4.136986255645752 0.5479452013969421 4.0 5.0 0.054794520139694214
6.619999885559082 0.02380952425301075 5.0 0.4175642132759094 0.06122449040412903 15.710000038146973 294.0 8.622448921203613 0.0 4.105442047119141 5.0 9.989999771118164 0.027210883796215057 62.0 0.8707482814788818 260.0 1.0 0.0 2535.0 443.0 23.0 39.0 2.0 4.731292724609375 1.7142857313156128 5.0 5.0 0.017006803303956985
2.069999933242798 0.20000000298023224 1.0 0.6459627151489258 0.125 12.989999771118164 40.0 29.649999618530273 0.0 4.025000095367432 1.0 6.989999771118164 0.3499999940395355 13.0 0.20000000298023224 36.0 1.0 0.0 1186.0 25128.0 18.0 10.0 2.0 2.700000047683716 2.5999999046325684 1.0 1.0 0.125
11.65999984741211 0.05645161122083664 5.0 0.5180555582046509 0.1854838728904724 59.9900016784668 248.0 6.556451797485352 0.0 2.903225898742676 5.0 38.029998779296875 0.03629032149910927 58.0 0.6975806355476379 232.0 1.0 0.0 1626.0 10036.0 22.0 13.0 2.0 4.483870983123779 1.5040322542190552 1.0 -1.0 0.024193547666072845
15.0 0.07878787815570831 4.0 0.5682656764984131 0.16969697177410126 -1.0 165.0 14.327272415161133 0.0 9.854545593261719 4.0 38.9900016784668 0.05454545468091965 144.0 0.678787887096405 142.0 1.0 0.0 2364.0 3003.0 24.0 136.0 2.0 4.400000095367432 5.599999904632568 1.0 5.0 0.0181818176060915
6.820000171661377 0.09090909361839294 4.0 0.6501457691192627 0.12727272510528564 28.989999771118164 55.0 42.92727279663086 0.0 6.236363410949707 4.0 11.489999771118164 0.036363635212183 46.0 0.6909090876579285 55.0 4.0 0.0 2361.0 1025.0 26.0 39.0 2.0 4.3818182945251465 4.0545454025268555 4.0 -1.0 0.05454545468091965
3.2899999618530273 0.09508197009563446 4.0 0.5969135761260986 0.2295081913471222 -1.0 305.0 6.711475372314453 0.0 5.3114752769470215 4.0 22.950000762939453 0.07540983706712723 146.0 0.5508196949958801 293.0 3.0 0.0 2047.0 1203.0 24.0 79.0 2.0 4.131147384643555 3.1704916954040527 5.0 4.0 0.04918032884597778
4.989999771118164 0.10204081982374191 5.0 0.47863247990608215 0.16326530277729034 -1.0 49.0 33.81632614135742 0.0 2.3877551555633545 5.0 27.75 0.18367347121238708 15.0 0.4285714328289032 41.0 1.0 0.0 1657.0 7709.0 22.0 7.0 2.0 3.5306122303009033 1.1428571939468384 1.0 4.0 0.12244898080825806
9.600000381469727 0.04545454680919647 5.0 0.4983682930469513 0.1096256673336029 -1.0 374.0 8.032085418701172 0.0 5.735294342041016 5.0 14.949999809265137 0.03743315488100052 62.0 0.7887700796127319 318.0 5.0 0.0 3004.0 191.0 18.0 50.0 2.0 4.593583106994629 2.8582887649536133 5.0 5.0 0.01871657744050026
5.920000076293945 0.10144927352666855 5.0 0.6396760940551758 0.21739129722118378 -1.0 69.0 33.4782600402832 0.0 3.5797102451324463 5.0 23.850000381469727 0.028985507786273956 19.0 0.6376811861991882 67.0 1.0 0.0 2310.0 1574.0 28.0 11.0 2.0 4.420289993286133 2.2898550033569336 4.0 4.0 0.014492753893136978
7.869999885559082 0.012711863964796066 4.0 0.5201388597488403 0.0868644043803215 37.970001220703125 472.0 4.14194917678833 0.0 3.0508475303649902 5.0 19.950000762939453 0.010593220591545105 86.0 0.883474588394165 435.0 4.0 0.0 1955.0 490.0 31.0 54.0 2.0 4.826271057128906 1.5868643522262573 4.0 5.0 0.006355931982398033
5.46999979019165 0.0 5.0 0.33076924085617065 0.1666666716337204 9.989999771118164 12.0 177.25 0.0 10.833333015441895 5.0 5.869999885559082 0.0833333358168602 56.0 0.6666666865348816 12.0 1.0 0.0 2127.0 13508.0 7.0 13.0 2.0 4.25 3.5833332538604736 5.0 1.0 0.0833333358168602
10.640000343322754 0.05263157933950424 5.0 0.8679245114326477 0.15789473056793213 -1.0 19.0 93.78947448730469 0.0 2.78947377204895 5.0 27.920000076293945 0.05263157933950424 10.0 0.6842105388641357 16.0 1.0 0.0 1782.0 11119.0 4.0 8.0 2.0 4.3684210777282715 2.4210526943206787 1.0 5.0 0.05263157933950424
7.300000190734863 0.13750000298023224 5.0 0.5107212662696838 0.26249998807907104 -1.0 80.0 21.3125 0.0 6.412499904632568 4.0 74.88999938964844 0.3375000059604645 46.0 0.20000000298023224 73.0 4.0 0.0 1705.0 4006.0 18.0 24.0 2.0 2.924999952316284 3.2750000953674316 4.0 1.0 0.0625
12.550000190734863 0.036437246948480606 5.0 0.5634390711784363 0.12550607323646545 -1.0 247.0 9.064777374267578 0.0 4.850202560424805 5.0 22.989999771118164 0.028340080752968788 54.0 0.7935222387313843 227.0 5.0 0.0 2239.0 679.0 22.0 46.0 2.0 4.639676094055176 2.7327935695648193 5.0 5.0 0.016194332391023636
5.070000171661377 0.09508197009563446 4.0 0.5969135761260986 0.2295081913471222 41.0 305.0 6.711475372314453 0.0 5.3114752769470215 4.0 25.209999084472656 0.07540983706712723 146.0 0.5508196949958801 293.0 3.0 0.0 2047.0 10418.0 24.0 79.0 2.0 4.131147384643555 3.1704916954040527 5.0 4.0 0.04918032884597778
1.5800000429153442 0.0 2.0 0.9333333373069763 0.0 -1.0 2.0 39.0 7.0 7.5 2.0 11.050000190734863 0.0 8.0 0.0 2.0 2.0 7.0 78.0 27354.0 13.0 7.0 2.0 2.0 7.0 2.0 -1.0 1.0
2.7300000190734863 0.0 5.0 0.6666666865348816 0.0 -1.0 1.0 0.0 4.0 6.0 5.0 2.7300000190734863 0.0 6.0 1.0 1.0 5.0 6.0 0.0 37747.0 13.0 4.0 2.0 5.0 4.0 5.0 -1.0 0.0
2.049999952316284 0.0 4.0 0.8333333134651184 0.5 -1.0 2.0 43.0 5.0 6.0 4.0 5.0 0.0 7.0 0.5 2.0 5.0 5.0 86.0 25315.0 13.0 5.0 2.0 4.5 5.0 5.0 -1.0 0.0
3.9100000858306885 0.06666667014360428 5.0 0.5590550899505615 0.06666667014360428 -1.0 30.0 50.16666793823242 0.0 8.466666221618652 5.0 23.989999771118164 0.20000000298023224 26.0 0.6333333253860474 28.0 1.0 0.0 1505.0 7450.0 11.0 19.0 2.0 3.9000000953674316 4.733333110809326 5.0 -1.0 0.03333333507180214
24.0 0.03921568766236305 5.0 0.7553957104682922 0.11764705926179886 -1.0 51.0 44.039215087890625 0.0 5.450980186462402 5.0 120.0 0.019607843831181526 32.0 0.8235294222831726 47.0 4.0 0.0 2246.0 2097.0 14.0 27.0 2.0 4.725490093231201 4.117647171020508 4.0 3.0 0.0
20.850000381469727 0.12987013161182404 5.0 0.5759637355804443 0.23376622796058655 56.83000183105469 77.0 30.571428298950195 0.0 5.7272725105285645 3.0 53.790000915527344 0.10389610379934311 37.0 0.5064935088157654 73.0 1.0 0.0 2354.0 2321.0 23.0 30.0 2.0 4.01298713684082 3.298701286315918 1.0 4.0 0.025974025949835777
23.959999084472656 0.06823529303073883 4.0 0.49667221307754517 0.14588235318660736 99.94999694824219 425.0 5.687058925628662 0.0 2.828235387802124 4.0 72.97000122070312 0.021176470443606377 73.0 0.7388235330581665 266.0 2.0 0.0 2417.0 13803.0 24.0 27.0 2.0 4.555294036865234 1.4047058820724487 5.0 5.0 0.025882352143526077
1.9700000286102295 0.0 1.0 0.7894737124443054 0.25 9.229999542236328 4.0 273.75 2.0 4.75 1.0 3.75 0.25 5.0 0.25 4.0 4.0 4.0 1095.0 18642.0 15.0 5.0 2.0 3.0 3.75 4.0 -1.0 0.25
7.079999923706055 0.0746268630027771 3.0 0.5257142782211304 0.1268656700849533 11.989999771118164 134.0 18.26865577697754 0.0 3.91791033744812 3.0 7.920000076293945 0.08955223858356476 23.0 0.6716417670249939 120.0 1.0 0.0 2448.0 4104.0 21.0 21.0 2.0 4.2537312507629395 2.059701442718506 5.0 5.0 0.03731343150138855
1.9800000190734863 0.0714285746216774 5.0 0.54296875 0.12142857164144516 25.950000762939453 140.0 17.014286041259766 0.0 5.485714435577393 5.0 14.970000267028809 0.04285714402794838 72.0 0.699999988079071 127.0 5.0 0.0 2382.0 353.0 19.0 66.0 2.0 4.371428489685059 2.9785714149475098 5.0 5.0 0.06428571790456772
2.940000057220459 0.13475176692008972 4.0 0.6034482717514038 0.1560283750295639 48.0099983215332 141.0 13.780141830444336 0.0 4.9361701011657715 1.0 20.899999618530273 0.04964539036154747 53.0 0.5815602540969849 138.0 5.0 0.0 1943.0 4382.0 27.0 46.0 2.0 4.141843795776367 2.9787232875823975 5.0 1.0 0.07801418751478195
35.0 0.0 1.0 0.7627118825912476 0.0 -1.0 7.0 227.7142791748047 1.0 8.428571701049805 1.0 99.98999786376953 0.1428571492433548 29.0 0.8571428656578064 7.0 5.0 3.0 1594.0 19850.0 16.0 24.0 2.0 4.4285712242126465 6.4285712242126465 5.0 -1.0 0.0
17.709999084472656 0.019607843831181526 5.0 0.8656126260757446 0.21568627655506134 47.9900016784668 51.0 46.3725471496582 0.0 4.960784435272217 5.0 28.8799991607666 0.0 15.0 0.7450980544090271 36.0 5.0 0.0 2365.0 3444.0 15.0 15.0 2.0 4.686274528503418 4.294117450714111 5.0 5.0 0.019607843831181526
39.95000076293945 0.025423727929592133 5.0 0.43251726031303406 0.08474576473236084 -1.0 354.0 6.401129722595215 0.0 4.5 5.0 79.86000061035156 0.03954802080988884 85.0 0.8276836276054382 307.0 5.0 0.0 2266.0 36634.0 17.0 70.0 2.0 4.638418197631836 1.9463276863098145 5.0 5.0 0.02259887009859085
1.559999942779541 0.190476194024086 1.0 0.5257731676101685 0.0 10.1899995803833 21.0 33.9523811340332 0.0 4.61904764175415 1.0 2.7699999809265137 0.4761904776096344 23.0 0.1428571492433548 19.0 2.0 0.0 713.0 17272.0 19.0 9.0 2.0 2.142857074737549 2.4285714626312256 2.0 -1.0 0.190476194024086
8.050000190734863 0.0699300691485405 1.0 0.6566163897514343 0.1118881106376648 -1.0 143.0 8.25874137878418 0.0 4.174825191497803 1.0 33.279998779296875 0.41258740425109863 45.0 0.2377622425556183 128.0 1.0 0.0 1181.0 7249.0 9.0 37.0 2.0 2.5944056510925293 2.7412588596343994 1.0 -1.0 0.1678321659564972
1.2300000190734863 0.07692307978868484 4.0 0.421875 0.3076923191547394 8.729999542236328 26.0 55.730770111083984 0.0 2.461538553237915 4.0 3.740000009536743 0.07692307978868484 8.0 0.5 26.0 1.0 0.0 1449.0 6764.0 23.0 4.0 2.0 4.115384578704834 1.0384615659713745 5.0 -1.0 0.03846153989434242
6.0 0.09259258955717087 5.0 0.6428571343421936 0.2222222238779068 19.989999771118164 54.0 42.16666793823242 0.0 2.3333332538604736 5.0 16.989999771118164 0.0 13.0 0.6296296119689941 43.0 5.0 0.0 2277.0 6651.0 17.0 12.0 2.0 4.4259257316589355 1.5 5.0 5.0 0.0555555559694767
11.979999542236328 0.0555555559694767 1.0 0.6132404208183289 0.2222222238779068 46.95000076293945 54.0 35.55555725097656 0.0 5.314815044403076 1.0 25.65999984741211 0.14814814925193787 17.0 0.48148149251937866 41.0 4.0 0.0 1920.0 6442.0 28.0 11.0 2.0 3.7962963581085205 3.2592592239379883 4.0 -1.0 0.09259258955717087
4.489999771118164 0.3333333432674408 3.0 0.6000000238418579 0.3333333432674408 12.729999542236328 3.0 63.33333206176758 0.0 1.6666666269302368 5.0 4.880000114440918 0.0 3.0 0.3333333432674408 3.0 4.0 0.0 190.0 7482.0 29.0 3.0 2.0 4.0 1.0 4.0 -1.0 0.0
6.679999828338623 0.08176100999116898 5.0 0.5103092789649963 0.18238992989063263 29.690000534057617 159.0 15.45911979675293 0.0 7.320754528045654 5.0 16.489999771118164 0.08805031329393387 77.0 0.6163522005081177 144.0 4.0 0.0 2458.0 11119.0 28.0 74.0 2.0 4.207547187805176 3.735849142074585 4.0 5.0 0.03144654259085655
5.949999809265137 0.3333333432674408 3.0 0.29411765933036804 0.0 -1.0 3.0 151.3333282470703 1.0 5.666666507720947 3.0 11.010000228881836 0.3333333432674408 12.0 0.3333333432674408 3.0 1.0 1.0 454.0 19762.0 13.0 2.0 2.0 3.0 1.6666666269302368 1.0 -1.0 0.0
17.700000762939453 0.012684989720582962 4.0 0.5204434990882874 0.08456659317016602 -1.0 473.0 4.133192539215088 0.0 3.0507400035858154 5.0 56.400001525878906 0.010570824146270752 86.0 0.8858351111412048 437.0 4.0 0.0 1955.0 770.0 21.0 54.0 2.0 4.828752517700195 1.587737798690796 4.0 5.0 0.006342494860291481
4.150000095367432 0.15238095819950104 3.0 0.5956175327301025 0.2666666805744171 16.079999923706055 105.0 23.923809051513672 0.0 4.780952453613281 1.0 16.0 0.21904762089252472 33.0 0.22857142984867096 91.0 4.0 0.0 2512.0 9710.0 31.0 32.0 2.0 3.15238094329834 2.84761905670166 4.0 5.0 0.13333334028720856
7.699999809265137 0.0416666679084301 5.0 0.7437185645103455 0.2291666716337204 14.989999771118164 48.0 45.9375 0.0 4.145833492279053 5.0 8.979999542236328 0.02083333395421505 19.0 0.7083333134651184 45.0 5.0 0.0 2205.0 5070.0 25.0 19.0 2.0 4.604166507720947 3.0833332538604736 5.0 4.0 0.0
9.460000038146973 0.1492537260055542 5.0 0.4122287929058075 0.18656715750694275 13.989999771118164 134.0 17.5 0.0 3.7835819721221924 5.0 9.609999656677246 0.1492537260055542 34.0 0.46268656849861145 113.0 1.0 0.0 2345.0 2050.0 33.0 15.0 2.0 3.7611939907073975 1.5597014427185059 5.0 5.0 0.05223880708217621
9.539999961853027 0.125 5.0 0.49823322892189026 0.1428571492433548 22.989999771118164 56.0 41.71428680419922 0.0 5.0535712242126465 1.0 19.75 0.375 20.0 0.2321428507566452 46.0 2.0 0.0 2336.0 7781.0 21.0 11.0 2.0 2.732142925262451 2.517857074737549 2.0 5.0 0.125
4.440000057220459 1.0 3.0 0.6000000238418579 0.0 8.149999618530273 1.0 0.0 3.0 5.0 3.0 5.190000057220459 0.0 5.0 0.0 1.0 3.0 5.0 0.0 6455.0 23.0 3.0 2.0 3.0 3.0 3.0 -1.0 0.0
19.6200008392334 0.04938271641731262 4.0 0.5 0.23456789553165436 69.29000091552734 81.0 28.901233673095703 0.0 4.04938268661499 4.0 56.70000076293945 0.012345679104328156 89.0 0.6913580298423767 74.0 1.0 0.0 2341.0 709.0 21.0 14.0 2.0 4.580246925354004 2.024691343307495 1.0 5.0 0.012345679104328156
0.009999999776482582 0.08860759437084198 5.0 0.489130437374115 0.3037974536418915 6.900000095367432 79.0 14.39240550994873 0.0 3.49367094039917 5.0 3.9200000762939453 0.1139240488409996 24.0 0.4177215099334717 64.0 5.0 0.0 1137.0 3150.0 23.0 13.0 2.0 3.8354430198669434 1.7088607549667358 5.0 -1.0 0.07594936341047287
8.9399995803833 0.054794520139694214 5.0 0.5625 0.08219178020954132 14.989999771118164 73.0 31.904109954833984 0.0 1.534246563911438 5.0 9.550000190734863 0.027397260069847107 12.0 0.8219178318977356 56.0 1.0 0.0 2329.0 5082.0 22.0 8.0 2.0 4.657534122467041 0.8630136847496033 5.0 1.0 0.013698630034923553
7.940000057220459 0.2432432472705841 4.0 0.8858024477958679 0.1621621549129486 12.989999771118164 37.0 48.10810852050781 0.0 8.756756782531738 5.0 7.940000057220459 0.21621622145175934 37.0 0.13513512909412384 36.0 2.0 0.0 1780.0 10628.0 22.0 35.0 2.0 2.7567567825317383 7.756756782531738 2.0 -1.0 0.2432432472705841
1.5 0.07692307978868484 5.0 0.52173912525177 0.1538461595773697 -1.0 26.0 61.96154022216797 0.0 8.84615421295166 5.0 17.0 0.07692307978868484 50.0 0.6153846383094788 24.0 1.0 0.0 1611.0 33658.0 9.0 31.0 2.0 4.153846263885498 4.615384578704834 5.0 -1.0 0.07692307978868484
7.869999885559082 0.0625 5.0 0.5269058346748352 0.265625 -1.0 64.0 36.296875 0.0 6.96875 2.0 38.0 0.265625 23.0 0.296875 56.0 4.0 0.0 2323.0 39733.0 21.0 17.0 2.0 3.21875 3.671875 4.0 5.0 0.109375
7.989999771118164 0.07999999821186066 5.0 0.7086092829704285 0.1599999964237213 14.989999771118164 25.0 80.63999938964844 0.0 12.079999923706055 5.0 9.979999542236328 0.36000001430511475 35.0 0.2800000011920929 24.0 4.0 1.0 2016.0 4620.0 24.0 27.0 2.0 2.880000114440918 8.5600004196167 1.0 5.0 0.11999999731779099
4.25 0.15789473056793213 1.0 0.6700000166893005 0.10526315867900848 22.790000915527344 19.0 108.0526351928711 0.0 5.263157844543457 1.0 15.0 0.4736842215061188 13.0 0.2631579041481018 19.0 3.0 1.0 2053.0 11195.0 12.0 11.0 2.0 2.6842105388641357 3.526315689086914 3.0 5.0 0.0
1.590000033378601 0.1538461595773697 2.0 0.5158730149269104 0.16923077404499054 -1.0 65.0 32.03076934814453 0.0 3.876923084259033 2.0 9.949999809265137 0.20000000298023224 27.0 0.35384616255760193 56.0 4.0 0.0 2082.0 17736.0 26.0 16.0 2.0 3.3538460731506348 2.0 4.0 2.0 0.1230769231915474
16.450000762939453 0.012684989720582962 4.0 0.5204718708992004 0.08456659317016602 82.98999786376953 473.0 4.133192539215088 0.0 3.046511650085449 5.0 50.0 0.010570824146270752 86.0 0.8858351111412048 436.0 4.0 0.0 1955.0 15865.0 13.0 54.0 2.0 4.828752517700195 1.5856236219406128 4.0 5.0 0.006342494860291481
30.639999389648438 0.1180555522441864 5.0 0.5131744146347046 0.2083333283662796 67.94999694824219 144.0 15.784722328186035 0.0 5.534722328186035 5.0 43.939998626708984 0.1597222238779068 32.0 0.4097222089767456 128.0 1.0 0.0 2273.0 4359.0 24.0 28.0 2.0 3.6041667461395264 2.840277671813965 4.0 5.0 0.1041666641831398
6.28000020980835 0.2777777910232544 4.0 0.6935483813285828 0.1666666716337204 14.989999771118164 18.0 80.05555725097656 0.0 6.888888835906982 4.0 9.229999542236328 0.0555555559694767 24.0 0.3888888955116272 17.0 1.0 0.0 1441.0 5465.0 22.0 13.0 2.0 3.722222328186035 4.777777671813965 5.0 -1.0 0.1111111119389534
